======================Matrix 8*8======================
# J
94102.574019 212964.548429 292043.114926 350089.834395 394977.462145 430909.148126 460407.645407 485102.969798

# G-S
0.582872 1.435057 1.510154 1.337374 1.142954 0.970662 0.826438 0.707511 0.609557 0.528543

# SOR, omega = 1
-3.972192 1120.463352 -13268.571849 49901.068000 -78966.609940 53255.941011 -10596.841733 -1028.848206
# SOR, omega = 1.25
65849.003844 60887.352080 46212.499147 -56264.590359 951262.425106 -4053634.307777 11360527.443782 -22441190.776180
# SOR, omega = 1.5
9353363.766270 5264745.485212 7705655.905814 2971242.158837 14598327.813466 -53272969.726825 238382851.105217 -742026575.102316 1906120168.042164 -4091608293.473721
