======================Matrix 10*10======================
# J
459993.030380 1076266.040069 1506570.569310 1833173.499452 2092340.359137 2304177.171893 2481137.438659 2631487.726610 2760988.899397 2873805.447745

# G-S
0.630114 1.598723 1.425492 1.169001 0.949467 0.775887 0.640363 0.534052

# SOR, omega = 1
-9.441515 1270.583647 -14598.152520 54068.661060 -85310.603421 57989.032851 -11715.127285 -1180.507453 -355.878872 -148.393827
# SOR, omega = 1.25
49924.408288 47383.551208 34683.320003 -44045.318545 884952.054553 -3923750.086413 11177202.112416 -22287242.615217 34220379.108337 -42500385.394887
# SOR, omega = 1.5
9353363.766270 5264745.485212 7705655.905814 2971242.158837 14598327.813466 -53272969.726825 238382851.105217 -742026575.102316 1906120168.042164 -4091608293.473721
